Data File :human
Query file:human_40n
LIMIT: 100000
0 60004.7 60006.9 93199469 0 1
1 5.40484 7.22781 3861 100000 0
2 0.496015 1.04964 83 100008 0
3 5.58462 9.04625 3300 100008 0
4 5.13205 7.25673 4324 100000 0
5 0.797851 9.2157 316 100080 0
6 0.113963 6.55399 37 1.60989e+08 0
7 0.52885 1.1487 78 100080 0
8 8.55008 10.5371 1079 100002 0
9 1.01817 6.48392 49 100078 0
10 2.63037 3.79604 709 100002 0
11 0.155442 14.5741 33 5.83507e+11 0
12 7.89919 12.906 14746 100000 0
13 0.851116 5.71487 49 100096 0
14 1.79082 2.44227 142 100006 0
15 0.436514 1.66288 176 100188 0
16 60006 60006.9 90155245 0 1
17 60003.5 60006.7 22464227 0 1
18 5.86827 8.2959 2382 100000 0
19 6.2894 10.235 1852 100000 0
20 9.42229 10.4367 29839 100000 0
21 0.035989 1.17092 36 156978 0
22 0.359134 1.39185 41 100198 0
23 2.35574 4.40616 158 100000 0
24 2.38016 4.21132 1447 100012 0
25 5.5052 9.41739 733 100000 0
26 6.84686 14.4779 1559 100000 0
27 7.44567 18.0812 1748 100000 0
28 60001.6 60006.6 17318517 0 1
29 5.52535 9.05374 1480 100000 0
30 4.9478 7.83751 669 100041 0
31 16.3011 25.6065 10250 100000 0
32 60005.5 60006.5 59252494 0 1
33 0.326763 1.42238 48 100100 0
34 59998.4 60006.6 120730450 0 1
35 60005.7 60006.8 123489044 0 1
36 6.66684 14.2161 1601 100000 0
37 5.62113 8.55517 1125 100000 0
38 5.26741 5.86111 1964 100000 0
39 5.27287 13.2402 789 100000 0
40 5.52443 8.17537 1065 100000 0
41 5.73956 6.61511 2457 100000 0
42 5.51825 6.2316 1793 100000 0
43 0.905054 5.23693 74 100062 0
44 6.49889 7.70682 3327 100000 0
45 0.819401 4.48024 80 100110 0
46 12.2888 14.2512 900 100000 0
47 536.393 537.212 1118987 100008 0
48 0.890417 1.76306 58 100020 0
49 0.025233 2.05767 37 494832 0
50 7.483 9.57571 3241 100000 0
51 1.67512 2.26381 73 100002 0
52 3.35962 5.70879 1368 100053 0
53 6.16013 7.23663 5984 100000 0
54 60000.6 60007.1 47027395 0 1
55 59996.8 60007 63998175 0 1
56 3.58786 6.21935 161 100000 0
57 0.063491 0.873615 38 101898 0
58 60001.7 60007.2 88656208 0 1
59 12.7428 14.9115 19732 100000 0
60 9.93383 10.8302 26439 100020 0
61 2.00727 2.80505 97 100011 0
62 6.48006 7.56687 2247 100000 0
63 6.33166 7.75262 3517 100000 0
64 60005.7 60007.2 43143703 0 1
65 2.05063 2.41876 3870 100056 0
66 5.51656 8.54608 2213 100000 0
67 2.6089 20.3331 1268 100010 0
68 60005.6 60007.1 41787203 0 1
69 6.19506 6.69832 4685 100000 0
70 2.69452 2.8085 443 100000 0
71 5.7506 7.86111 1116 100000 0
72 0.310413 0.630204 750 864 0
73 60004.8 60006.2 2061010 0 1
74 6.38482 9.30692 965 100000 0
75 5.25593 5.54397 178 100000 0
76 59996 60006.6 50926839 0 1
77 8.76423 10.5324 9684 100002 0
78 9.32642 9.97618 7491 100000 0
79 7.39991 11.7999 4129 100000 0
80 5.63482 6.71096 4108 100000 0
81 13.844 14.699 2217 100000 0
82 0.949449 3.61781 310 100007 0
83 60001.1 60007.1 8715199 0 1
84 6.06222 8.97054 1743 100000 0
85 0.07127 3.78132 35 100926 0
86 0.886901 5.93454 55 100067 0
87 83.8956 87.5791 378115 100000 0
88 2.01333 2.16876 816 100032 0
89 8.39935 13.2043 25248 100000 0
90 4.48255 10.3564 4102 100004 0
91 60005 60006.2 266180809 0 1
92 4.89118 9.97991 324 100000 0
93 60005.6 60007 159639872 0 1
94 1.55043 1.9499 59 100002 0
95 5.92021 17.5019 1609 100000 0
96 7.36308 9.1546 2396 100000 0
97 0.373738 5.41653 38 6.93693e+06 0
98 18.9741 19.5035 11011 100000 0
99 0.496238 1.28834 84 100240 0
Average Search Time Per Query => 12.0521 ms!
Average Total Time Per Query => 15.1239 ms!
Average Recursive Call Count => 21053.4940
Total Number of Found Matches=> 583,682,786,673
#End Queries=> 83
