Data File :human
Query file:human_40n
LIMIT: 100000
0 60004.2 60006.4 62322466 0 1
1 7.37518 9.52543 4140 100000 0
2 0.52723 1.18861 83 100008 0
3 6.2108 10.2554 3296 100008 0
4 5.34753 7.85171 4324 100000 0
5 0.937417 10.5469 316 100080 0
6 0.130036 7.91642 37 2.46024e+06 0
7 0.570689 1.29616 93 100080 0
8 8.51799 10.7485 514 100002 0
9 3.33257 9.68334 128 100005 0
10 2.84874 4.2216 709 100002 0
11 0.189241 16.5927 33 5.83507e+11 0
12 4.98658 10.6421 205 100002 0
13 0.952721 6.86622 62 100096 0
14 1.63304 2.3515 143 100006 0
15 0.371893 1.19273 176 100188 0
16 176.525 177.357 319542 100000 0
17 60003.1 60006.9 22742218 0 1
18 5.60564 7.87214 2382 100000 0
19 6.00993 9.55782 1852 100000 0
20 5.19632 6.10057 1179 100000 0
21 0.028049 1.01541 36 156978 0
22 0.302695 1.23129 41 100198 0
23 53.4686 55.2575 12979 100000 0
24 60004.7 60006.3 278268850 0 1
25 5.23262 8.95825 733 100000 0
26 6.16923 12.4667 1559 100000 0
27 7.41775 17.3023 1774 100000 0
28 60002.3 60007 18134411 0 1
29 7.59964 12.2394 1480 100000 0
30 60002.6 60007 47699649 0 1
31 16.7751 26.4013 10250 100000 0
32 60005.8 60006.9 73402009 0 1
33 0.387004 1.82445 48 100100 0
34 17.507 27.9644 771 100000 0
35 60005.6 60007.1 120400601 0 1
36 59999.7 60007.2 34037472 0 1
37 5.61079 8.61236 1125 100000 0
38 5.24404 5.84547 1964 100000 0
39 5.32083 13.3228 789 100000 0
40 9.40108 12.0912 14505 100000 0
41 5.77864 6.72018 2457 100000 0
42 5.53379 6.23508 1793 100000 0
43 0.842442 5.1711 51 100062 0
44 6.5693 7.73721 3327 100000 0
45 121.522 125.091 13998 100002 0
46 10.9063 12.9702 900 100000 0
47 7840.64 7841.47 1666720 100008 0
48 0.830865 1.73948 58 100020 0
49 0.025946 2.11957 37 494832 0
50 6.82204 8.99044 2429 100000 0
51 1.61704 2.24345 72 100002 0
52 3.69863 6.13285 1368 100053 0
53 6.34656 7.45941 5984 100000 0
54 60000.5 60007.2 50132051 0 1
55 59997.1 60007.1 33096991 0 1
56 3.27007 5.79766 161 100000 0
57 2.02803 2.83456 5743 101898 0
58 60001.5 60006.8 82573572 0 1
59 11.0552 13.8009 14155 100000 0
60 15.0197 16.6272 34947 100044 0
61 3.32648 4.49331 905 100004 0
62 8.17419 9.67218 2247 100000 0
63 7.34559 9.04944 3517 100000 0
64 60005.3 60007.2 119095969 0 1
65 1.29934 1.6645 3507 100020 0
66 5.51311 8.5341 2214 100000 0
67 2.45564 19.9575 1268 100010 0
68 60005.9 60007.5 43100097 0 1
69 22.1912 22.6963 53493 100000 0
70 2.39152 2.49487 465 100000 0
71 7.48135 9.60616 9062 100000 0
72 0.216813 0.303371 655 864 0
73 60004.8 60006.4 2322972 0 1
74 7.10368 9.55932 7148 100000 0
75 3.83737 4.0469 178 100000 0
76 59997.2 60005.6 68500276 0 1
77 11.7906 13.6246 21580 100002 0
78 12.8362 13.5113 40627 100000 0
79 11.0743 15.6963 16328 100000 0
80 14.0829 15.16 5796 100000 0
81 12.3706 13.2155 2038 100000 0
82 0.839168 3.44496 104 100007 0
83 5.45354 11.1847 1523 100000 0
84 5.94329 8.55969 1640 100000 0
85 0.070058 3.64615 35 103824 0
86 0.766083 8.43419 115 100100 0
87 8.34691 12.4562 1454 100000 0
88 2.09239 2.23652 818 100032 0
89 10.9207 16.0172 25248 100000 0
90 23.2986 30.1661 29385 100004 0
91 60002.9 60004.3 284433700 0 1
92 5.79484 11.7828 324 100000 0
93 60001.6 60003.2 27627446 0 1
94 0.578618 1.01407 59 100044 0
95 57.1203 68.1261 101574 100000 0
96 67.0472 69.0328 49455 100000 0
97 60000.2 60005.3 27877146 0 1
98 16.2902 16.8253 8320 100000 0
99 0.456717 1.27853 83 100240 0
Average Search Time Per Query => 106.8140 ms!
Average Total Time Per Query => 110.0845 ms!
Average Recursive Call Count => 30885.7683
Total Number of Found Matches=> 583,517,324,065
#End Queries=> 82
