Data File :human
Query file:human_40n
LIMIT: 100000
0 60004.4 60006.5 88045960 0 1
1 60003.3 60005.3 30823039 0 1
2 0.474483 1.05205 83 100008 0
3 2553.88 2557.3 2408759 100008 0
4 5.74003 8.35964 4324 100000 0
5 0.932933 10.7081 316 100080 0
6 0.134444 7.98565 37 2.46024e+06 0
7 0.616878 1.33609 78 100080 0
8 9.55349 11.8434 1079 100002 0
9 1.16302 7.59332 49 100078 0
10 3.04608 4.42708 709 100002 0
11 0.182844 16.7106 33 5.83507e+11 0
12 9.436 15.1791 14746 100000 0
13 1.02606 6.88589 49 100096 0
14 1.74155 2.51242 142 100006 0
15 0.412318 1.27908 176 100188 0
16 60005.7 60006.6 87871459 0 1
17 504.478 507.388 555980 100000 0
18 5.4473 7.64579 2382 100000 0
19 5.77269 9.22144 1852 100000 0
20 8.47169 9.35323 29839 100000 0
21 0.027443 0.92528 36 156978 0
22 0.311205 1.1969 41 100198 0
23 2.05683 3.80197 158 100000 0
24 1.90353 3.38152 1447 100012 0
25 4.8719 8.25936 733 100000 0
26 5.75267 11.631 1559 100000 0
27 6.7667 16.1767 1748 100000 0
28 60002.2 60006.6 17954212 0 1
29 5.55973 8.93166 1480 100000 0
30 5.02396 7.87892 669 100041 0
31 16.2999 25.5324 10250 100000 0
32 60005.2 60006.2 48535041 0 1
33 0.347748 1.51326 48 100100 0
34 14.5908 23.4093 1502 100000 0
35 60003.7 60006.5 108986832 0 1
36 9.63981 19.7595 1601 100000 0
37 7.5411 11.4056 1125 100000 0
38 6.80483 7.98034 1964 100000 0
39 6.9109 19.8858 789 100000 0
40 7.29547 12.4794 1065 100000 0
41 8.34902 9.61931 2457 100000 0
42 7.15426 8.11309 1793 100000 0
43 1.17392 9.63021 74 100062 0
44 8.58983 10.1669 3327 100000 0
45 1.0423 6.76252 80 100110 0
46 15.393 17.9769 900 100000 0
47 654.959 656.072 1118987 100008 0
48 0.932699 1.89687 58 100020 0
49 0.027307 2.30029 37 494832 0
50 8.35431 10.6528 3241 100000 0
51 1.8161 2.4634 73 100002 0
52 3.68086 6.26568 1368 100053 0
53 6.57728 7.7205 5984 100000 0
54 28.8373 35.6447 102084 100000 0
55 59994.3 60004.7 62237770 0 1
56 3.40375 5.95708 161 100000 0
57 0.062248 0.853593 38 101898 0
58 60000.8 60006.2 76494072 0 1
59 14.8643 18.9759 19732 100000 0
60 11.248 12.2938 26439 100020 0
61 2.61683 4.18138 97 100011 0
62 7.38628 9.36648 2247 100000 0
63 7.69693 9.42084 3517 100000 0
64 60004.1 60005.8 36304739 0 1
65 2.08267 2.49083 3870 100056 0
66 5.68315 8.844 2213 100000 0
67 2.67175 20.7455 1268 100010 0
68 60004.8 60006.4 39122516 0 1
69 5.99248 6.51172 4685 100000 0
70 2.61248 2.71882 443 100000 0
71 5.76882 7.93747 1116 100000 0
72 0.306135 0.626724 750 864 0
73 60004.7 60006.4 2087413 0 1
74 5.32962 7.70599 965 100000 0
75 4.31411 4.85399 178 100000 0
76 59995.8 60006.3 49196934 0 1
77 8.57698 10.3903 9684 100002 0
78 9.33307 9.98572 7491 100000 0
79 7.45828 11.8878 4129 100000 0
80 5.63307 6.71067 4108 100000 0
81 12.8371 13.6897 2217 100000 0
82 0.940794 3.53632 310 100007 0
83 60001.6 60007.5 8456751 0 1
84 8.62566 12.4311 1743 100000 0
85 0.089488 5.09955 35 100926 0
86 1.05281 8.73134 77 100100 0
87 111.609 116.658 378115 100000 0
88 2.36953 2.55005 816 100032 0
89 10.0368 15.8373 25248 100000 0
90 5.74919 13.2539 4102 100004 0
91 60004.9 60006.5 245047544 0 1
92 6.55209 13.249 324 100000 0
93 60004.9 60006.7 148646204 0 1
94 1.54166 1.9619 59 100002 0
95 5.94749 17.5134 1609 100000 0
96 7.35274 9.14217 2396 100000 0
97 0.373704 5.35334 38 6.93693e+06 0
98 18.1831 18.6913 11011 100000 0
99 0.477606 1.25903 84 100240 0
Average Search Time Per Query => 50.2103 ms!
Average Total Time Per Query => 53.8545 ms!
Average Recursive Call Count => 56572.0706
Total Number of Found Matches=> 583,524,458,306
#End Queries=> 85
