Data File :human
Query file:human_40n
LIMIT: 100000
0 60004.5 60006.5 64217839 0 1
1 6.72248 8.58612 4140 100000 0
2 0.468119 1.02111 83 100008 0
3 5.43494 8.86207 3296 100008 0
4 4.78781 6.92955 4324 100000 0
5 0.793273 9.17563 316 100080 0
6 0.097274 6.87011 37 2.46024e+06 0
7 0.519639 1.14609 93 100080 0
8 7.44224 9.38954 514 100002 0
9 2.89608 8.41625 128 100005 0
10 2.50227 3.68659 709 100002 0
11 0.156438 14.7686 33 5.83507e+11 0
12 4.09003 9.08192 205 100002 0
13 0.824142 5.72402 62 100096 0
14 1.42127 2.05641 143 100006 0
15 0.343636 1.08058 176 100188 0
16 143.348 144.099 319542 100000 0
17 60003.9 60007 22987768 0 1
18 5.68949 7.99527 2382 100000 0
19 6.0487 9.60838 1852 100000 0
20 5.2574 6.15914 1179 100000 0
21 0.028903 1.02738 36 156978 0
22 0.322466 1.24137 41 100198 0
23 52.9859 54.8228 12979 100000 0
24 60004.5 60006.1 253534952 0 1
25 5.23845 9.12598 733 100000 0
26 6.12782 12.4931 1559 100000 0
27 7.28263 17.365 1774 100000 0
28 60001.7 60006.5 16731857 0 1
29 7.88495 12.5858 1480 100000 0
30 60002.6 60006.8 45911313 0 1
31 17.5241 27.7814 10250 100000 0
32 60005.6 60006.7 74082833 0 1
33 0.305964 1.41019 48 100100 0
34 11.2376 19.2966 771 100000 0
35 60003.2 60004.3 120499364 0 1
36 59999.1 60006.7 32725673 0 1
37 5.47632 8.42852 1125 100000 0
38 5.08349 5.67165 1964 100000 0
39 5.14793 13.0479 789 100000 0
40 9.10773 11.7166 14505 100000 0
41 5.55412 6.47553 2457 100000 0
42 5.40137 6.08848 1793 100000 0
43 0.853743 5.19222 51 100062 0
44 6.50623 7.6986 3327 100000 0
45 121.428 125.045 13998 100002 0
46 10.7293 12.7809 900 100000 0
47 7738.31 7739.13 1666720 100008 0
48 0.853145 1.76836 58 100020 0
49 0.025616 2.1231 37 494832 0
50 6.97769 9.19434 2429 100000 0
51 1.8505 2.51351 72 100002 0
52 3.65292 6.25217 1368 100053 0
53 7.23194 8.44979 5984 100000 0
54 59999.6 60006.7 44110408 0 1
55 59989.5 60006 25169526 0 1
56 3.21628 5.7583 161 100000 0
57 2.05309 2.86863 5743 101898 0
58 60000.4 60005.7 71030669 0 1
59 8.83349 11.0869 14155 100000 0
60 12.0299 13.1456 34947 100044 0
61 2.56515 3.38219 905 100004 0
62 6.65475 7.78561 2247 100000 0
63 6.53524 7.9563 3517 100000 0
64 60005 60006.6 116126475 0 1
65 1.37778 1.75136 3507 100020 0
66 6.06841 9.45261 2214 100000 0
67 2.53045 22.447 1268 100010 0
68 60005 60006.6 40429556 0 1
69 22.956 23.4573 53493 100000 0
70 2.6584 2.77078 465 100000 0
71 7.79819 9.97877 9062 100000 0
72 0.227274 0.32234 655 864 0
73 60003.6 60005.1 2247341 0 1
74 7.22444 9.66468 7148 100000 0
75 3.96003 4.18353 178 100000 0
76 59998 60006.5 63841010 0 1
77 14.1064 16.2247 21580 100002 0
78 15.1138 15.8896 40627 100000 0
79 12.7719 18.1996 16328 100000 0
80 17.0214 18.303 5796 100000 0
81 15.3843 16.9101 2038 100000 0
82 1.03938 7.88667 104 100007 0
83 7.01405 14.2617 1523 100000 0
84 8.03479 11.3769 1640 100000 0
85 0.080552 5.7449 35 103824 0
86 0.834562 7.21495 115 100100 0
87 7.04648 11.323 1454 100000 0
88 2.04209 2.21001 818 100032 0
89 9.4092 14.7706 25248 100000 0
90 20.8915 27.4585 29385 100004 0
91 60005.7 60007 284245314 0 1
92 5.04689 10.3237 324 100000 0
93 60005.6 60007 29248771 0 1
94 0.608296 1.03821 59 100044 0
95 59.6276 71.5583 101574 100000 0
96 69.7587 71.8915 49455 100000 0
97 60002.4 60007.8 28416390 0 1
98 16.8581 17.4076 8320 100000 0
99 0.474581 1.32912 83 100240 0
Average Search Time Per Query => 105.1442 ms!
Average Total Time Per Query => 108.4233 ms!
Average Recursive Call Count => 30885.7683
Total Number of Found Matches=> 583,517,324,065
#End Queries=> 82
