Data File :human
Query file:human_40n
LIMIT: 100000
0 60002.9 60005.5 69173382 0 1
1 5.97226 7.99067 3861 100000 0
2 0.530965 1.16224 83 100008 0
3 6.15745 10.0545 3300 100008 0
4 5.53793 7.92438 4324 100000 0
5 0.891641 10.3268 316 100080 0
6 0.117882 7.859 37 2.46024e+06 0
7 0.584555 1.28086 78 100080 0
8 9.16204 11.4802 1079 100002 0
9 1.12907 7.58274 49 100078 0
10 2.97704 4.31806 709 100002 0
11 0.17814 16.3114 33 5.83507e+11 0
12 5.81929 11.6445 2485 100002 0
13 1.05386 6.88974 49 100096 0
14 1.64585 2.39523 142 100006 0
15 0.375368 1.20707 176 100188 0
16 60004.5 60005.4 67862129 0 1
17 60000.9 60006.3 18800622 0 1
18 6.51508 9.23829 2382 100000 0
19 6.95129 11.3844 1852 100000 0
20 10.0637 11.1613 29839 100000 0
21 0.033525 1.11532 36 156978 0
22 0.378711 1.49338 41 100198 0
23 3.25405 5.41325 6478 100000 0
24 60003.6 60005.4 13833696 0 1
25 7.57194 13.6175 733 100000 0
26 8.88448 19.0099 1559 100000 0
27 10.8397 25.9847 1748 100000 0
28 59998.7 60005.7 14172078 0 1
29 6.87793 11.2188 1480 100000 0
30 60002.4 60006.1 38436430 0 1
31 23.1794 37.0323 10250 100000 0
32 60003.7 60005.2 45259205 0 1
33 0.450525 1.92815 48 100100 0
34 17.1914 28.5579 1502 100000 0
35 60003.9 60005.9 92686391 0 1
36 9.43448 19.8472 1601 100000 0
37 8.03486 12.14 1125 100000 0
38 7.14812 8.04068 1964 100000 0
39 7.18716 18.8167 789 100000 0
40 7.57613 11.9379 1065 100000 0
41 8.22184 9.64519 2457 100000 0
42 7.47449 8.50452 1793 100000 0
43 1.34704 7.78496 74 100062 0
44 8.8845 10.7859 3327 100000 0
45 1.09975 6.88896 80 100110 0
46 15.7922 18.5092 900 100000 0
47 762.269 763.447 1118987 100008 0
48 1.16482 2.40854 58 100020 0
49 0.034165 2.74967 37 494832 0
50 10.3076 13.1059 3241 100000 0
51 2.23128 3.10111 109 100002 0
52 4.47865 7.74174 1368 100053 0
53 8.20253 9.75023 5984 100000 0
54 59997.2 60006 39022234 0 1
55 59990.2 60005.2 49340718 0 1
56 4.9482 8.599 161 100000 0
57 0.189154 1.50269 195 101898 0
58 59997.7 60005.5 67727488 0 1
59 17.1071 20.3849 19732 100000 0
60 15.382 16.8904 34947 100044 0
61 3.65563 4.84178 1173 100004 0
62 8.72768 10.1999 2247 100000 0
63 8.24906 10.25 3517 100000 0
64 60003.7 60005.8 33331265 0 1
65 2.72181 3.22062 3870 100056 0
66 7.35625 11.4624 2213 100000 0
67 3.55164 27.9876 1268 100010 0
68 60003.2 60005.4 31832315 0 1
69 9.8888 10.5497 5975 100000 0
70 3.51161 3.66208 465 100000 0
71 9.29093 16.1801 1116 100000 0
72 0.269685 0.39933 535 864 0
73 60002.6 60005 1835240 0 1
74 23.4448 26.8585 102650 100000 0
75 5.86722 6.21579 178 100000 0
76 59994.2 60005.8 43424017 0 1
77 11.581 14.1389 9684 100002 0
78 12.5125 13.4737 7491 100000 0
79 10.2197 16.2548 4129 100000 0
80 10.9897 12.5511 4518 100000 0
81 17.779 18.9967 2217 100000 0
82 1.26971 4.98757 310 100007 0
83 8.29416 16.3512 1936 100000 0
84 8.04963 12.1283 1743 100000 0
85 0.13399 5.31114 35 100926 0
86 0.989073 8.16738 77 100100 0
87 115.689 120.689 378115 100000 0
88 2.703 2.93885 816 100032 0
89 11.4327 18.2113 25248 100000 0
90 6.97757 15.2991 4102 100004 0
91 60004 60005.8 207405857 0 1
92 8.3813 22.1624 324 100000 0
93 60003.8 60005.8 124594165 0 1
94 0.874789 1.46963 59 100044 0
95 7.9974 23.7355 1609 100000 0
96 11.5742 14.4674 4037 100000 0
97 59998.1 60005.5 11777350 0 1
98 23.855 24.6151 11011 100000 0
99 0.637737 1.83532 84 100240 0
Average Search Time Per Query => 17.2112 ms!
Average Total Time Per Query => 21.5583 ms!
Average Recursive Call Count => 22651.4024
Total Number of Found Matches=> 583,517,321,384
#End Queries=> 82
