Data File :human
Query file:human_40n
LIMIT: 100000
0 60004.5 60006.7 78752504 0 1
1 7.02005 9.50045 3861 100000 0
2 0.63709 1.38951 83 100008 0
3 7.3598 11.8927 3300 100008 0
4 6.50249 9.30998 4324 100000 0
5 1.04345 11.9352 316 100080 0
6 0.170155 8.56482 37 1.60989e+08 0
7 0.699329 1.50591 78 100080 0
8 11.1147 13.7169 1079 100002 0
9 1.38639 8.85 49 100078 0
10 3.65898 5.28167 709 100002 0
11 0.211138 19.4819 33 5.83507e+11 0
12 10.6529 17.3523 14746 100000 0
13 1.15476 7.76283 49 100096 0
14 1.9847 2.84674 142 100006 0
15 0.4771 1.45085 176 100188 0
16 60005.6 60006.7 80428645 0 1
17 60002.8 60006.6 19675290 0 1
18 5.4324 7.62282 2382 100000 0
19 5.76775 9.23026 1852 100000 0
20 8.52887 9.4192 29839 100000 0
21 0.027736 0.936193 36 156978 0
22 0.314532 1.2035 41 100198 0
23 2.11226 3.86613 158 100000 0
24 1.91125 3.39474 1447 100012 0
25 4.85698 8.25006 733 100000 0
26 5.70922 11.5898 1559 100000 0
27 6.7168 15.999 1748 100000 0
28 60002.2 60006.6 17438459 0 1
29 5.73367 9.32917 1480 100000 0
30 5.11452 8.05116 669 100041 0
31 16.83 26.2858 10250 100000 0
32 60005.4 60006.5 57598384 0 1
33 0.315546 1.40432 48 100100 0
34 59998.9 60006.7 115262895 0 1
35 60005 60006.5 123462090 0 1
36 6.60015 14.0101 1601 100000 0
37 5.49194 8.36526 1125 100000 0
38 5.12512 5.68425 1964 100000 0
39 5.12287 12.6932 789 100000 0
40 5.3739 8.28259 1065 100000 0
41 5.59568 6.44148 2457 100000 0
42 5.55629 6.23931 1793 100000 0
43 0.885164 5.11232 74 100062 0
44 6.31792 7.48506 3327 100000 0
45 0.786758 4.28735 80 100110 0
46 11.2158 13.1166 900 100000 0
47 538.031 538.827 1118987 100008 0
48 0.887004 1.77431 58 100020 0
49 0.025315 2.07447 37 494832 0
50 7.49659 9.59309 3241 100000 0
51 1.67254 2.27998 73 100002 0
52 3.3509 5.74562 1368 100053 0
53 6.24326 7.34356 5984 100000 0
54 59999.8 60006.4 42106495 0 1
55 59994.2 60006.4 57345311 0 1
56 4.27627 7.41533 161 100000 0
57 0.075874 1.05649 38 101898 0
58 60000.1 60006.7 87982542 0 1
59 15.2554 17.9099 19732 100000 0
60 12.0056 13.0742 26439 100020 0
61 2.42563 3.37029 97 100011 0
62 7.68552 9.00238 2247 100000 0
63 7.56521 9.33184 3517 100000 0
64 60004.8 60006.6 39834482 0 1
65 2.70854 3.21568 3870 100056 0
66 7.40704 11.4667 2213 100000 0
67 3.47684 26.7404 1268 100010 0
68 60004.2 60006.3 39326655 0 1
69 6.03649 6.5319 4685 100000 0
70 2.66576 2.77127 443 100000 0
71 5.60827 7.65386 1116 100000 0
72 0.298558 0.604562 750 864 0
73 60004.5 60006 2206851 0 1
74 5.1348 7.43562 965 100000 0
75 4.16646 4.38774 178 100000 0
76 59998.3 60006.7 52961555 0 1
77 8.6809 10.4959 9684 100002 0
78 9.48245 10.1329 7491 100000 0
79 7.32884 11.725 4129 100000 0
80 5.60468 6.68009 4108 100000 0
81 12.9394 13.7893 2217 100000 0
82 0.940132 3.52061 310 100007 0
83 60001.1 60006.9 8639078 0 1
84 7.42618 10.9624 1743 100000 0
85 0.090029 4.83106 35 100926 0
86 1.0934 7.41796 55 100067 0
87 100.606 105.165 378115 100000 0
88 2.25294 2.42079 816 100032 0
89 9.62696 15.0225 25248 100000 0
90 5.14049 11.7376 4102 100004 0
91 60005.4 60006.7 268613077 0 1
92 5.84434 12.2389 324 100000 0
93 60004.4 60006.2 146730975 0 1
94 1.9156 2.48329 59 100002 0
95 7.37753 21.4827 1609 100000 0
96 9.0791 11.3523 2396 100000 0
97 0.475732 6.78201 38 6.93693e+06 0
98 22.5347 23.195 11011 100000 0
99 0.613255 1.73567 84 100240 0
Average Search Time Per Query => 12.5912 ms!
Average Total Time Per Query => 16.0472 ms!
Average Recursive Call Count => 21053.4940
Total Number of Found Matches=> 583,682,786,673
#End Queries=> 83
