Data File :human
Query file:human_40n
LIMIT: 100000
0 60003.6 60005.8 80074567 0 1
1 5.46506 7.31767 3861 100000 0
2 0.492366 1.05662 83 100008 0
3 5.58077 9.0659 3300 100008 0
4 4.99317 7.10869 4324 100000 0
5 0.810185 9.18508 316 100080 0
6 0.096706 6.76221 37 2.46024e+06 0
7 0.533041 1.14833 78 100080 0
8 8.48847 10.4761 1079 100002 0
9 1.03735 6.4935 49 100078 0
10 2.7072 3.89815 709 100002 0
11 0.157384 14.422 33 5.83507e+11 0
12 5.00966 9.94961 2485 100002 0
13 0.864556 5.72347 49 100096 0
14 1.46973 2.09725 142 100006 0
15 0.33838 1.05773 176 100188 0
16 60006.1 60006.9 85572856 0 1
17 60001 60006.4 22737780 0 1
18 5.60692 7.91276 2382 100000 0
19 5.97045 9.55041 1852 100000 0
20 8.72084 9.62667 29839 100000 0
21 0.028661 0.954829 36 156978 0
22 0.329341 1.24252 41 100198 0
23 2.13122 3.93855 158 100000 0
24 60003.7 60005.2 15938132 0 1
25 7.12112 12.7439 733 100000 0
26 8.8594 20.0865 1559 100000 0
27 10.3522 26.7398 1748 100000 0
28 59998.9 60006.3 16609720 0 1
29 5.54432 8.95452 1480 100000 0
30 4.99979 7.87934 669 100041 0
31 16.2474 25.4514 10250 100000 0
32 60004.6 60005.6 48641565 0 1
33 0.328907 1.42827 48 100100 0
34 12.5591 20.6861 1502 100000 0
35 60004.5 60005.6 93350900 0 1
36 9.95486 22.7305 1601 100000 0
37 8.74356 14.6507 1125 100000 0
38 8.06654 9.01424 1964 100000 0
39 8.29897 20.7085 789 100000 0
40 8.4687 12.625 1065 100000 0
41 8.68818 10.4399 2457 100000 0
42 8.90797 10.4087 1793 100000 0
43 1.70241 8.85129 74 100062 0
44 9.85174 11.7652 3327 100000 0
45 1.23525 8.39823 80 100110 0
46 18.8605 22.0046 900 100000 0
47 842.12 843.377 1118987 100008 0
48 1.19633 2.40289 58 100020 0
49 0.03876 3.20088 37 494832 0
50 11.2405 14.6297 3241 100000 0
51 2.74569 3.63725 109 100002 0
52 4.79281 10.0849 1368 100053 0
53 9.778 11.4321 5984 100000 0
54 59996.4 60005.7 34489724 0 1
55 59989.4 60004.8 46275036 0 1
56 3.96983 6.77869 161 100000 0
57 0.166346 1.39753 195 101898 0
58 59997.5 60004.9 59099628 0 1
59 16.0313 18.5993 19732 100000 0
60 14.9189 16.8909 35177 100048 0
61 3.4017 4.59463 905 100004 0
62 7.86537 9.26446 2247 100000 0
63 7.83717 9.62729 3517 100000 0
64 60003 60005.1 31368635 0 1
65 2.75491 3.29728 3870 100056 0
66 10.0653 13.9625 2213 100000 0
67 6.89413 33.3192 1268 100010 0
68 60003.3 60005.3 28090717 0 1
69 9.4285 10.0925 4685 100000 0
70 3.93637 4.11494 443 100000 0
71 8.86866 11.9969 1116 100000 0
72 0.425882 0.850607 750 864 0
73 60003.1 60005.4 1728763 0 1
74 6.68908 9.68065 965 100000 0
75 5.35173 5.69819 178 100000 0
76 59995.3 60006.2 49853048 0 1
77 8.59232 10.3978 9684 100002 0
78 9.41061 10.0638 7491 100000 0
79 7.57067 12.0241 4129 100000 0
80 8.22798 9.28992 4518 100000 0
81 13.5194 14.3732 2217 100000 0
82 0.949721 3.54788 310 100007 0
83 60001 60006.8 8548934 0 1
84 6.0352 8.94144 1743 100000 0
85 0.067642 3.70861 35 100926 0
86 0.775205 5.97019 77 100100 0
87 82.5213 86.1792 378115 100000 0
88 1.87827 2.0298 816 100032 0
89 8.06209 12.6495 25248 100000 0
90 4.33546 9.93142 4102 100004 0
91 60003.2 60004.4 265539410 0 1
92 5.05487 10.2996 324 100000 0
93 60005.6 60007 158202947 0 1
94 1.57925 1.98683 59 100002 0
95 6.12259 18.0691 1609 100000 0
96 7.71647 9.60032 2396 100000 0
97 60000.8 60006.1 14383330 0 1
98 18.4048 18.9495 11011 100000 0
99 0.486522 1.32914 84 100240 0
Average Search Time Per Query => 16.9689 ms!
Average Total Time Per Query => 20.7662 ms!
Average Recursive Call Count => 21284.9634
Total Number of Found Matches=> 583,517,321,387
#End Queries=> 82
