Data File :human
Query file:human_40n
LIMIT: 100000
0 60005.2 60007.2 137088891 0 1
1 60004.8 60006.7 100835859 0 1
2 0.497342 1.08261 120 100008 0
3 2.12087 5.62584 1676 100008 0
4 5.09587 7.20503 4324 100000 0
5 1.38209 9.87505 79 100036 0
6 60000 60006.8 102299806 0 1
7 0.533568 1.20226 78 100080 0
8 8.34718 10.3725 1079 100002 0
9 1.24419 6.79036 56 100043 0
10 2.99324 4.15989 1247 100002 0
11 0.141015 14.3945 33 5.83507e+11 0
12 5.5449 10.5061 4998 100002 0
13 0.662322 5.47548 44 100280 0
14 1.47383 2.09787 142 100006 0
15 0.34241 1.07159 204 100188 0
16 60006.1 60006.9 65474888 0 1
17 59822.6 59825.7 42688249 100000 0
18 6.57693 8.90716 2592 100000 0
19 5.31821 9.00907 1202 100000 0
20 8.95789 9.86644 29839 100000 0
21 1192.23 1193.17 1686966 156978 0
22 0.36548 1.40246 74 100198 0
23 3.1821 5.30311 6478 100000 0
24 60004.1 60005.8 15185639 0 1
25 6.65651 11.4083 733 100000 0
26 453.389 461.622 833871 100000 0
27 9.26865 22.0474 2073 100000 0
28 60000.6 60006.6 2841875 0 1
29 5.75439 9.25327 1388 100000 0
30 60003.8 60006.7 20660847 0 1
31 24.3134 38.3944 10250 100000 0
32 60004.8 60006.4 56029501 0 1
33 0.43857 1.90985 48 100100 0
34 17.9153 29.2552 957 100000 0
35 60005.2 60006.8 16783362 0 1
36 6.19666 14.0543 1138 100000 0
37 5.70645 8.77024 1125 100000 0
38 5.36774 5.94322 1960 100000 0
39 59999 60006.9 284921947 0 1
40 9.89207 12.6328 1745 100000 0
41 5.88759 6.85118 2457 100000 0
42 5.47816 6.17401 1793 100000 0
43 0.924664 5.29919 65 100062 0
44 6.56062 7.79625 3290 100000 0
45 0.818137 4.49511 80 100110 0
46 12.0852 14.0748 1267 100000 0
47 576.591 577.42 1119046 100008 0
48 0.86615 1.7315 58 100020 0
49 0.023744 2.04154 37 198744 0
50 7.66304 9.76292 3184 100000 0
51 1.66253 2.25463 107 100002 0
52 3.36824 5.83103 1368 100053 0
53 6.26794 7.35648 5984 100000 0
54 60000.2 60006.6 46928230 0 1
55 59996.8 60007.2 22238806 0 1
56 3.41112 5.96382 161 100000 0
57 60004.9 60005.8 78070481 0 1
58 60001.1 60006.8 80090399 0 1
59 11175.8 11179 5856220 100000 0
60 4.83599 6.30132 12760 100000 0
61 2.63899 3.46104 915 100004 0
62 6.50161 7.59533 2248 100000 0
63 6.97057 8.4025 3375 100000 0
64 60005.5 60006.9 45443016 0 1
65 22.5923 22.9704 34350 100002 0
66 6.0339 9.26768 2213 100000 0
67 59987.3 60006.1 33707093 0 1
68 60004.7 60006.6 66935103 0 1
69 7.52855 8.01127 5975 100000 0
70 1.90266 2.01677 461 100032 0
71 5.85705 7.98412 1116 100000 0
72 0.247428 0.337527 742 864 0
73 60001.9 60003.3 2106758 0 1
74 60002.3 60005.9 137817365 0 1
75 5.51426 5.84758 172 100000 0
76 59995.1 60006.4 71217978 0 1
77 9.27854 11.1384 8809 100002 0
78 8.2811 8.95922 15220 100000 0
79 7.99433 12.6123 4129 100000 0
80 2405.61 2406.76 1791918 100000 0
81 15.7913 16.9035 2223 100000 0
82 1.14013 4.24996 310 100007 0
83 16.3514 23.6631 49109 100000 0
84 7.15304 10.6403 1705 100000 0
85 0.076556 4.58831 35 100926 0
86 59999.7 60006.4 253714642 0 1
87 7.17425 12.5065 885 100000 0
88 2.68817 2.88936 794 100032 0
89 8.84435 15.1778 10319 100000 0
90 80.4795 88.3459 105015 100000 0
91 60005.1 60006.6 281341758 0 1
92 59999.3 60005.3 281559667 0 1
93 60004.2 60005.9 142001099 0 1
94 0.874577 1.42762 51 100044 0
95 11.3586 27.5773 5032 100000 0
96 12.696 15.5516 4451 100000 0
97 59998.4 60005.6 10989046 0 1
98 21.1648 21.7375 21825 100000 0
99 0.504923 1.3644 84 100240 0
Average Search Time Per Query => 1014.7996 ms!
Average Total Time Per Query => 1018.0367 ms!
Average Recursive Call Count => 724881.6800
Total Number of Found Matches=> 583,513,963,083
#End Queries=> 75
